0.0	2.732
1.001001001001001	5.466734734734735
2.002002002002002	8.20146946946947
3.0030030030030033	10.936204204204207
4.004004004004004	13.67093893893894
5.005005005005005	16.405673673673675
6.0060060060060065	19.140408408408412
7.007007007007008	21.87514314314315
8.008008008008009	24.60987787787788
9.00900900900901	27.344612612612615
10.01001001001001	30.07934734734735
11.011011011011012	32.81408208208209
12.012012012012013	35.548816816816824
13.013013013013014	38.283551551551554
14.014014014014016	41.0182862862863
15.015015015015017	43.75302102102103
16.016016016016017	46.487755755755764
17.017017017017018	49.2224904904905
18.01801801801802	51.95722522522523
19.01901901901902	54.691959959959966
20.02002002002002	57.426694694694696
21.021021021021024	60.16142942942944
22.022022022022025	62.896164164164176
23.023023023023026	65.6308988988989
24.024024024024026	68.36563363363365
25.025025025025027	71.10036836836838
26.026026026026027	73.83510310310311
27.027027027027028	76.56983783783785
28.028028028028032	79.3045725725726
29.029029029029033	82.03930730730733
30.030030030030034	84.77404204204205
31.031031031031034	87.5087767767768
32.032032032032035	90.24351151151153
33.033033033033036	92.97824624624626
34.034034034034036	95.71298098098099
35.03503503503504	98.44771571571573
36.03603603603604	101.18245045045046
37.03703703703704	103.91718518518519
38.03803803803804	106.65191991991993
39.03903903903904	109.38665465465466
40.04004004004004	112.12138938938939
41.04104104104105	114.85612412412415
42.04204204204205	117.59085885885888
43.04304304304305	120.32559359359362
44.04404404404405	123.06032832832835
45.04504504504505	125.79506306306308
46.04604604604605	128.5297977977978
47.04704704704705	131.26453253253254
48.04804804804805	133.9992672672673
49.04904904904905	136.73400200200203
50.050050050050054	139.46873673673676
51.051051051051054	142.2034714714715
52.052052052052055	144.93820620620622
53.053053053053056	147.67294094094095
54.054054054054056	150.4076756756757
55.05505505505506	153.14241041041043
56.056056056056065	155.8771451451452
57.057057057057065	158.61187987987992
58.058058058058066	161.34661461461465
59.05905905905907	164.08134934934938
60.06006006006007	166.8160840840841
61.06106106106107	169.55081881881884
62.06206206206207	172.2855535535536
63.06306306306307	175.02028828828833
64.06406406406407	177.75502302302306
65.06506506506507	180.4897577577578
66.06606606606607	183.22449249249252
67.06706706706707	185.95922722722725
68.06806806806807	188.69396196196197
69.06906906906907	191.42869669669673
70.07007007007007	194.16343143143146
71.07107107107107	196.8981661661662
72.07207207207207	199.63290090090092
73.07307307307308	202.36763563563565
74.07407407407408	205.10237037037038
75.07507507507508	207.83710510510514
76.07607607607608	210.57183983983987
77.07707707707708	213.3065745745746
78.07807807807808	216.04130930930933
79.07907907907908	218.77604404404406
80.08008008008008	221.51077877877879
81.0810810810811	224.24551351351357
82.0820820820821	226.9802482482483
83.0830830830831	229.71498298298303
84.0840840840841	232.44971771771776
85.0850850850851	235.1844524524525
86.0860860860861	237.91918718718725
87.0870870870871	240.65392192192198
88.0880880880881	243.3886566566567
89.0890890890891	246.12339139139144
90.0900900900901	248.85812612612617
91.0910910910911	251.5928608608609
92.0920920920921	254.32759559559565
93.0930930930931	257.0623303303304
94.0940940940941	259.7970650650651
95.0950950950951	262.53179979979984
96.0960960960961	265.26653453453457
97.0970970970971	268.0012692692693
98.0980980980981	270.73600400400403
99.0990990990991	273.47073873873876
100.10010010010011	276.2054734734735
101.10110110110111	278.9402082082083
102.10210210210211	281.674942942943
103.10310310310311	284.40967767767773
104.10410410410411	287.14441241241246
105.10510510510511	289.8791471471472
106.10610610610611	292.6138818818819
107.10710710710711	295.34861661661665
108.10810810810811	298.0833513513514
109.10910910910911	300.8180860860861
110.11011011011011	303.55282082082084
111.11111111111111	306.28755555555557
112.11211211211213	309.02229029029036
113.11311311311313	311.7570250250251
114.11411411411413	314.4917597597598
115.11511511511513	317.22649449449455
116.11611611611613	319.9612292292293
117.11711711711713	322.695963963964
118.11811811811813	325.4306986986988
119.11911911911913	328.1654334334335
120.12012012012013	330.90016816816825
121.12112112112113	333.634902902903
122.12212212212214	336.3696376376377
123.12312312312314	339.10437237237244
124.12412412412414	341.83910710710717
125.12512512512514	344.5738418418419
126.12612612612614	347.3085765765766
127.12712712712714	350.0433113113114
128.12812812812814	352.7780460460461
129.12912912912915	355.5127807807809
130.13013013013014	358.24751551551554
131.13113113113116	360.98225025025033
132.13213213213214	363.71698498498506
133.13313313313316	366.4517197197198
134.13413413413414	369.1864544544545
135.13513513513516	371.9211891891893
136.13613613613614	374.655923923924
137.13713713713716	377.39065865865877
138.13813813813815	380.12539339339344
139.13913913913916	382.8601281281282
140.14014014014015	385.5948628628629
141.14114114114116	388.3295975975977
142.14214214214215	391.06433233233236
143.14314314314316	393.79906706706714
144.14414414414415	396.53380180180187
145.14514514514516	399.2685365365366
146.14614614614615	402.00327127127133
147.14714714714717	404.73800600600606
148.14814814814815	407.4727407407408
149.14914914914917	410.2074754754756
150.15015015015015	412.94221021021025
151.15115115115117	415.67694494494503
152.15215215215215	418.4116796796797
153.15315315315317	421.1464144144145
154.15415415415416	423.88114914914917
155.15515515515517	426.61588388388395
156.15615615615616	429.3506186186187
157.15715715715717	432.0853533533534
158.15815815815816	434.82008808808814
159.15915915915917	437.55482282282287
160.16016016016016	440.2895575575576
161.16116116116117	443.0242922922924
162.1621621621622	445.7590270270271
163.16316316316318	448.49376176176185
164.1641641641642	451.22849649649663
165.16516516516518	453.9632312312313
166.1661661661662	456.6979659659661
167.16716716716718	459.43270070070076
168.1681681681682	462.16743543543555
169.16916916916918	464.9021701701702
170.1701701701702	467.636904904905
171.17117117117118	470.3716396396397
172.1721721721722	473.10637437437447
173.17317317317318	475.8411091091092
174.1741741741742	478.5758438438439
175.17517517517518	481.31057857857866
176.1761761761762	484.0453133133134
177.17717717717719	486.7800480480481
178.1781781781782	489.5147827827829
179.1791791791792	492.2495175175176
180.1801801801802	494.98425225225236
181.1811811811812	497.71898698698703
182.1821821821822	500.4537217217218
183.1831831831832	503.1884564564565
184.1841841841842	505.9231911911913
185.1851851851852	508.65792592592595
186.1861861861862	511.39266066066074
187.1871871871872	514.1273953953954
188.1881881881882	516.8621301301303
189.1891891891892	519.5968648648649
190.1901901901902	522.3315995995997
191.1911911911912	525.0663343343343
192.1921921921922	527.8010690690692
193.19319319319322	530.5358038038039
194.1941941941942	533.2705385385386
195.19519519519523	536.0052732732734
196.1961961961962	538.7400080080081
197.19719719719723	541.4747427427428
198.1981981981982	544.2094774774775
199.19919919919923	546.9442122122123
200.20020020020021	549.678946946947
201.20120120120123	552.4136816816819
202.20220220220222	555.1484164164165
203.20320320320323	557.8831511511513
204.20420420420422	560.6178858858859
205.20520520520523	563.3526206206208
206.20620620620622	566.0873553553554
207.20720720720723	568.8220900900902
208.20820820820822	571.5568248248248
209.20920920920923	574.2915595595597
210.21021021021022	577.0262942942944
211.21121121121124	579.7610290290291
212.21221221221222	582.4957637637639
213.21321321321324	585.2304984984986
214.21421421421422	587.9652332332333
215.21521521521524	590.6999679679681
216.21621621621622	593.4347027027028
217.21721721721724	596.1694374374375
218.21821821821823	598.9041721721723
219.21921921921924	601.638906906907
220.22022022022023	604.3736416416417
221.22122122122124	607.1083763763764
222.22222222222223	609.8431111111112
223.22322322322324	612.5778458458459
224.22422422422426	615.3125805805807
225.22522522522524	618.0473153153154
226.22622622622626	620.7820500500502
227.22722722722725	623.5167847847849
228.22822822822826	626.2515195195197
229.22922922922925	628.9862542542544
230.23023023023026	631.7209889889891
231.23123123123125	634.4557237237238
232.23223223223226	637.1904584584586
233.23323323323325	639.9251931931933
234.23423423423426	642.659927927928
235.23523523523525	645.3946626626628
236.23623623623627	648.1293973973975
237.23723723723725	650.8641321321322
238.23823823823827	653.598866866867
239.23923923923925	656.3336016016017
240.24024024024027	659.0683363363364
241.24124124124126	661.8030710710711
242.24224224224227	664.537805805806
243.24324324324326	667.2725405405406
244.24424424424427	670.0072752752754
245.24524524524526	672.7420100100101
246.24624624624627	675.4767447447449
247.24724724724726	678.2114794794795
248.24824824824827	680.9462142142144
249.24924924924926	683.680948948949
250.25025025025028	686.4156836836838
251.25125125125126	689.1504184184186
252.25225225225228	691.8851531531533
253.25325325325326	694.619887887888
254.25425425425428	697.3546226226227
255.25525525525526	700.0893573573575
256.2562562562563	702.8240920920922
257.25725725725727	705.5588268268269
258.2582582582583	708.2935615615618
259.2592592592593	711.0282962962965
260.2602602602603	713.7630310310311
261.26126126126127	716.4977657657658
262.2622622622623	719.2325005005007
263.2632632632633	721.9672352352354
264.2642642642643	724.70196996997
265.26526526526527	727.4367047047048
266.2662662662663	730.1714394394396
267.2672672672673	732.9061741741743
268.2682682682683	735.6409089089091
269.2692692692693	738.3756436436437
270.2702702702703	741.1103783783785
271.2712712712713	743.8451131131133
272.2722722722723	746.579847847848
273.2732732732733	749.3145825825826
274.2742742742743	752.0493173173174
275.2752752752753	754.7840520520522
276.2762762762763	757.5187867867869
277.2772772772773	760.2535215215216
278.2782782782783	762.9882562562565
279.2792792792793	765.7229909909911
280.2802802802803	768.4577257257258
281.2812812812813	771.1924604604606
282.2822822822823	773.9271951951954
283.2832832832833	776.66192992993
284.2842842842843	779.3966646646647
285.2852852852853	782.1313993993995
286.2862862862863	784.8661341341343
287.2872872872873	787.600868868869
288.2882882882883	790.3356036036037
289.28928928928934	793.0703383383385
290.29029029029033	795.8050730730732
291.2912912912913	798.539807807808
292.2922922922923	801.2745425425426
293.29329329329335	804.0092772772775
294.29429429429433	806.7440120120121
295.2952952952953	809.4787467467469
296.2962962962963	812.2134814814816
297.29729729729735	814.9482162162165
298.29829829829833	817.6829509509511
299.2992992992993	820.4176856856858
300.3003003003003	823.1524204204205
301.30130130130135	825.8871551551554
302.30230230230234	828.6218898898901
303.3033033033033	831.3566246246247
304.3043043043043	834.0913593593594
305.30530530530535	836.8260940940943
306.30630630630634	839.560828828829
307.3073073073073	842.2955635635636
308.3083083083083	845.0302982982984
309.30930930930936	847.7650330330332
310.31031031031034	850.4997677677679
311.31131131131133	853.2345025025027
312.3123123123123	855.9692372372373
313.31331331331336	858.7039719719721
314.31431431431434	861.4387067067069
315.31531531531533	864.1734414414416
316.3163163163163	866.9081761761762
317.31731731731736	869.642910910911
318.31831831831835	872.3776456456458
319.31931931931933	875.1123803803805
320.3203203203203	877.8471151151152
321.32132132132136	880.5818498498501
322.32232232232235	883.3165845845847
323.32332332332334	886.0513193193194
324.3243243243244	888.7860540540543
325.32532532532537	891.520788788789
326.32632632632635	894.2555235235236
327.32732732732734	896.9902582582583
328.3283283283284	899.7249929929932
329.32932932932937	902.4597277277279
330.33033033033036	905.1944624624626
331.33133133133134	907.9291971971973
332.3323323323324	910.6639319319321
333.33333333333337	913.3986666666668
334.33433433433436	916.1334014014016
335.33533533533534	918.8681361361363
336.3363363363364	921.6028708708711
337.3373373373374	924.3376056056057
338.33833833833836	927.0723403403405
339.33933933933935	929.8070750750752
340.3403403403404	932.54180980981
341.3413413413414	935.2765445445447
342.34234234234236	938.0112792792794
343.34334334334335	940.7460140140141
344.3443443443444	943.480748748749
345.3453453453454	946.2154834834837
346.34634634634637	948.9502182182183
347.34734734734735	951.684952952953
348.3483483483484	954.4196876876879
349.3493493493494	957.1544224224226
350.35035035035037	959.8891571571572
351.35135135135135	962.623891891892
352.3523523523524	965.3586266266268
353.3533533533534	968.0933613613615
354.35435435435437	970.8280960960963
355.3553553553554	973.5628308308311
356.3563563563564	976.2975655655657
357.3573573573574	979.0323003003004
358.3583583583584	981.7670350350352
359.3593593593594	984.50176976977
360.3603603603604	987.2365045045048
361.3613613613614	989.9712392392394
362.3623623623624	992.7059739739741
363.3633633633634	995.4407087087089
364.3643643643644	998.1754434434437
365.3653653653654	1000.9101781781783
366.3663663663664	1003.644912912913
367.3673673673674	1006.3796476476479
368.3683683683684	1009.1143823823826
369.3693693693694	1011.8491171171173
370.3703703703704	1014.5838518518519
371.3713713713714	1017.3185865865868
372.3723723723724	1020.0533213213215
373.3733733733734	1022.7880560560562
374.3743743743744	1025.5227907907909
375.3753753753754	1028.2575255255258
376.3763763763764	1030.9922602602605
377.3773773773774	1033.726994994995
378.3783783783784	1036.4617297297298
379.37937937937943	1039.1964644644647
380.3803803803804	1041.9311991991995
381.3813813813814	1044.665933933934
382.3823823823824	1047.4006686686687
383.38338338338343	1050.1354034034036
384.3843843843844	1052.8701381381384
385.3853853853854	1055.604872872873
386.38638638638645	1058.3396076076078
387.38738738738743	1061.0743423423426
388.3883883883884	1063.8090770770773
389.3893893893894	1066.543811811812
390.39039039039045	1069.2785465465467
391.39139139139144	1072.0132812812815
392.3923923923924	1074.7480160160162
393.3933933933934	1077.482750750751
394.39439439439445	1080.2174854854857
395.39539539539544	1082.9522202202204
396.3963963963964	1085.6869549549551
397.3973973973974	1088.4216896896899
398.39839839839846	1091.1564244244246
399.39939939939944	1093.8911591591593
400.40040040040043	1096.625893893894
401.4014014014014	1099.3606286286288
402.40240240240246	1102.0953633633635
403.40340340340344	1104.8300980980982
404.40440440440443	1107.564832832833
405.4054054054054	1110.2995675675677
406.40640640640646	1113.0343023023026
407.40740740740745	1115.7690370370372
408.40840840840843	1118.5037717717719
409.4094094094094	1121.2385065065066
410.41041041041046	1123.9732412412416
411.41141141141145	1126.707975975976
412.41241241241244	1129.4427107107108
413.4134134134134	1132.1774454454455
414.41441441441447	1134.9121801801805
415.41541541541545	1137.6469149149152
416.41641641641644	1140.3816496496497
417.4174174174175	1143.1163843843847
418.41841841841847	1145.8511191191194
419.41941941941946	1148.5858538538541
420.42042042042044	1151.3205885885886
421.4214214214215	1154.0553233233236
422.42242242242247	1156.7900580580583
423.42342342342346	1159.524792792793
424.42442442442444	1162.2595275275278
425.4254254254255	1164.9942622622625
426.4264264264265	1167.7289969969972
427.42742742742746	1170.463731731732
428.42842842842845	1173.1984664664667
429.4294294294295	1175.9332012012014
430.4304304304305	1178.6679359359362
431.43143143143146	1181.402670670671
432.43243243243245	1184.1374054054056
433.4334334334335	1186.8721401401403
434.4344344344345	1189.606874874875
435.43543543543547	1192.3416096096098
436.43643643643645	1195.0763443443445
437.4374374374375	1197.8110790790793
438.4384384384385	1200.545813813814
439.43943943943947	1203.2805485485487
440.44044044044045	1206.0152832832835
441.4414414414415	1208.7500180180182
442.4424424424425	1211.484752752753
443.44344344344347	1214.2194874874876
444.44444444444446	1216.9542222222224
445.4454454454455	1219.688956956957
446.4464464464465	1222.4236916916918
447.4474474474475	1225.1584264264266
448.4484484484485	1227.8931611611615
449.4494494494495	1230.6278958958962
450.4504504504505	1233.3626306306307
451.4514514514515	1236.0973653653655
452.4524524524525	1238.8321001001004
453.4534534534535	1241.5668348348352
454.4544544544545	1244.3015695695697
455.4554554554555	1247.0363043043044
456.4564564564565	1249.7710390390394
457.4574574574575	1252.505773773774
458.4584584584585	1255.2405085085088
459.4594594594595	1257.9752432432433
460.4604604604605	1260.7099779779783
461.4614614614615	1263.444712712713
462.4624624624625	1266.1794474474477
463.4634634634635	1268.9141821821822
464.4644644644645	1271.6489169169172
465.4654654654655	1274.383651651652
466.4664664664665	1277.1183863863866
467.4674674674675	1279.8531211211214
468.46846846846853	1282.587855855856
469.4694694694695	1285.3225905905908
470.4704704704705	1288.0573253253256
471.4714714714715	1290.7920600600603
472.47247247247253	1293.526794794795
473.4734734734735	1296.2615295295298
474.4744744744745	1298.9962642642645
475.4754754754755	1301.7309989989992
476.47647647647653	1304.465733733734
477.4774774774775	1307.2004684684687
478.4784784784785	1309.9352032032034
479.4794794794795	1312.6699379379381
480.48048048048054	1315.4046726726729
481.4814814814815	1318.1394074074076
482.4824824824825	1320.8741421421423
483.48348348348355	1323.6088768768773
484.48448448448454	1326.3436116116118
485.4854854854855	1329.0783463463465
486.4864864864865	1331.8130810810812
487.48748748748756	1334.5478158158162
488.48848848848854	1337.2825505505507
489.48948948948953	1340.0172852852854
490.4904904904905	1342.7520200200202
491.49149149149156	1345.486754754755
492.49249249249254	1348.2214894894898
493.49349349349353	1350.9562242242243
494.4944944944945	1353.690958958959
495.49549549549556	1356.425693693694
496.49649649649655	1359.1604284284288
497.49749749749753	1361.8951631631633
498.4984984984985	1364.629897897898
499.49949949949956	1367.364632632633
500.50050050050055	1370.0993673673677
501.50150150150154	1372.8341021021024
502.5025025025025	1375.568836836837
503.50350350350357	1378.3035715715719
504.50450450450455	1381.0383063063066
505.50550550550554	1383.7730410410413
506.5065065065065	1386.5077757757758
507.50750750750757	1389.2425105105108
508.50850850850856	1391.9772452452455
509.50950950950954	1394.7119799799802
510.5105105105105	1397.446714714715
511.51151151151157	1400.1814494494497
512.5125125125126	1402.9161841841844
513.5135135135135	1405.6509189189192
514.5145145145145	1408.385653653654
515.5155155155155	1411.1203883883884
516.5165165165166	1413.8551231231236
517.5175175175176	1416.5898578578583
518.5185185185186	1419.3245925925928
519.5195195195196	1422.0593273273275
520.5205205205206	1424.7940620620623
521.5215215215215	1427.528796796797
522.5225225225225	1430.2635315315317
523.5235235235235	1432.9982662662665
524.5245245245246	1435.7330010010014
525.5255255255256	1438.4677357357361
526.5265265265266	1441.2024704704709
527.5275275275276	1443.9372052052054
528.5285285285286	1446.67193993994
529.5295295295296	1449.4066746746748
530.5305305305305	1452.1414094094096
531.5315315315315	1454.8761441441443
532.5325325325326	1457.6108788788792
533.5335335335336	1460.345613613614
534.5345345345346	1463.0803483483487
535.5355355355356	1465.8150830830834
536.5365365365366	1468.549817817818
537.5375375375376	1471.2845525525527
538.5385385385385	1474.0192872872874
539.5395395395395	1476.7540220220221
540.5405405405406	1479.488756756757
541.5415415415416	1482.2234914914918
542.5425425425426	1484.9582262262265
543.5435435435436	1487.6929609609613
544.5445445445446	1490.427695695696
545.5455455455456	1493.1624304304305
546.5465465465466	1495.8971651651652
547.5475475475477	1498.6318998999002
548.5485485485486	1501.366634634635
549.5495495495496	1504.1013693693696
550.5505505505506	1506.8361041041044
551.5515515515516	1509.570838838839
552.5525525525526	1512.3055735735738
553.5535535535536	1515.0403083083086
554.5545545545546	1517.775043043043
555.5555555555557	1520.5097777777783
556.5565565565566	1523.2445125125128
557.5575575575576	1525.9792472472475
558.5585585585586	1528.7139819819822
559.5595595595596	1531.448716716717
560.5605605605606	1534.1834514514517
561.5615615615616	1536.9181861861864
562.5625625625626	1539.6529209209211
563.5635635635637	1542.387655655656
564.5645645645646	1545.1223903903908
565.5655655655656	1547.8571251251253
566.5665665665666	1550.59185985986
567.5675675675676	1553.3265945945948
568.5685685685686	1556.0613293293295
569.5695695695696	1558.7960640640642
570.5705705705706	1561.530798798799
571.5715715715717	1564.265533533534
572.5725725725727	1567.0002682682687
573.5735735735736	1569.7350030030034
574.5745745745746	1572.469737737738
575.5755755755756	1575.2044724724726
576.5765765765766	1577.9392072072073
577.5775775775776	1580.673941941942
578.5785785785787	1583.408676676677
579.5795795795797	1586.1434114114118
580.5805805805807	1588.8781461461465
581.5815815815816	1591.6128808808812
582.5825825825826	1594.347615615616
583.5835835835836	1597.0823503503505
584.5845845845846	1599.8170850850852
585.5855855855856	1602.55181981982
586.5865865865867	1605.2865545545549
587.5875875875877	1608.0212892892896
588.5885885885887	1610.7560240240243
589.5895895895897	1613.490758758759
590.5905905905906	1616.2254934934938
591.5915915915916	1618.9602282282285
592.5925925925926	1621.694962962963
593.5935935935936	1624.4296976976977
594.5945945945947	1627.164432432433
595.5955955955957	1629.8991671671674
596.5965965965967	1632.6339019019022
597.5975975975977	1635.368636636637
598.5985985985986	1638.1033713713716
599.5995995995996	1640.8381061061064
600.6006006006006	1643.572840840841
601.6016016016016	1646.3075755755758
602.6026026026027	1649.0423103103108
603.6036036036037	1651.7770450450455
604.6046046046047	1654.51177977978
605.6056056056057	1657.2465145145147
606.6066066066066	1659.9812492492495
607.6076076076076	1662.7159839839842
608.6086086086086	1665.450718718719
609.6096096096097	1668.1854534534539
610.6106106106107	1670.9201881881886
611.6116116116117	1673.6549229229233
612.6126126126127	1676.389657657658
613.6136136136137	1679.1243923923926
614.6146146146147	1681.8591271271273
615.6156156156156	1684.593861861862
616.6166166166166	1687.3285965965968
617.6176176176177	1690.0633313313317
618.6186186186187	1692.7980660660664
619.6196196196197	1695.5328008008012
620.6206206206207	1698.267535535536
621.6216216216217	1701.0022702702706
622.6226226226227	1703.7370050050051
623.6236236236236	1706.4717397397399
624.6246246246246	1709.2064744744746
625.6256256256257	1711.9412092092095
626.6266266266267	1714.6759439439443
627.6276276276277	1717.410678678679
628.6286286286287	1720.1454134134137
629.6296296296297	1722.8801481481485
630.6306306306307	1725.6148828828832
631.6316316316316	1728.3496176176177
632.6326326326326	1731.0843523523524
633.6336336336337	1733.8190870870874
634.6346346346347	1736.553821821822
635.6356356356357	1739.2885565565568
636.6366366366367	1742.0232912912916
637.6376376376377	1744.7580260260263
638.6386386386387	1747.492760760761
639.6396396396397	1750.2274954954958
640.6406406406406	1752.9622302302303
641.6416416416417	1755.6969649649654
642.6426426426427	1758.4316996997002
643.6436436436437	1761.1664344344347
644.6446446446447	1763.9011691691694
645.6456456456457	1766.6359039039041
646.6466466466467	1769.3706386386389
647.6476476476477	1772.1053733733736
648.6486486486488	1774.8401081081086
649.6496496496497	1777.5748428428433
650.6506506506507	1780.309577577578
651.6516516516517	1783.0443123123127
652.6526526526527	1785.7790470470472
653.6536536536537	1788.513781781782
654.6546546546547	1791.2485165165167
655.6556556556557	1793.9832512512514
656.6566566566568	1796.7179859859864
657.6576576576578	1799.4527207207211
658.6586586586587	1802.1874554554558
659.6596596596597	1804.9221901901906
660.6606606606607	1807.6569249249253
661.6616616616617	1810.3916596596598
662.6626626626627	1813.1263943943945
663.6636636636637	1815.8611291291293
664.6646646646648	1818.5958638638642
665.6656656656658	1821.330598598599
666.6666666666667	1824.0653333333337
667.6676676676677	1826.8000680680684
668.6686686686687	1829.5348028028031
669.6696696696697	1832.2695375375379
670.6706706706707	1835.0042722722724
671.6716716716717	1837.739007007007
672.6726726726728	1840.473741741742
673.6736736736738	1843.2084764764768
674.6746746746747	1845.9432112112115
675.6756756756757	1848.6779459459462
676.6766766766767	1851.412680680681
677.6776776776777	1854.1474154154157
678.6786786786787	1856.8821501501504
679.6796796796798	1859.6168848848854
680.6806806806808	1862.3516196196201
681.6816816816818	1865.0863543543546
682.6826826826828	1867.8210890890894
683.6836836836837	1870.555823823824
684.6846846846847	1873.2905585585588
685.6856856856857	1876.0252932932935
686.6866866866867	1878.7600280280283
687.6876876876878	1881.4947627627632
688.6886886886888	1884.229497497498
689.6896896896898	1886.9642322322327
690.6906906906908	1889.6989669669672
691.6916916916917	1892.433701701702
692.6926926926927	1895.1684364364367
693.6936936936937	1897.9031711711714
694.6946946946947	1900.637905905906
695.6956956956958	1903.372640640641
696.6966966966968	1906.1073753753758
697.6976976976978	1908.8421101101105
698.6986986986988	1911.5768448448453
699.6996996996997	1914.3115795795798
700.7007007007007	1917.0463143143145
701.7017017017017	1919.7810490490492
702.7027027027027	1922.515783783784
703.7037037037038	1925.250518518519
704.7047047047048	1927.9852532532536
705.7057057057058	1930.7199879879884
706.7067067067068	1933.454722722723
707.7077077077078	1936.1894574574578
708.7087087087087	1938.9241921921923
709.7097097097097	1941.658926926927
710.7107107107108	1944.3936616616622
711.7117117117118	1947.1283963963967
712.7127127127128	1949.8631311311315
713.7137137137138	1952.5978658658662
714.7147147147148	1955.332600600601
715.7157157157158	1958.0673353353357
716.7167167167167	1960.8020700700704
717.7177177177177	1963.536804804805
718.7187187187188	1966.27153953954
719.7197197197198	1969.0062742742748
720.7207207207208	1971.7410090090093
721.7217217217218	1974.475743743744
722.7227227227228	1977.2104784784788
723.7237237237238	1979.9452132132135
724.7247247247248	1982.6799479479482
725.7257257257257	1985.414682682683
726.7267267267268	1988.149417417418
727.7277277277278	1990.8841521521526
728.7287287287288	1993.6188868868874
729.7297297297298	1996.3536216216219
730.7307307307308	1999.0883563563566
731.7317317317318	2001.8230910910913
732.7327327327328	2004.557825825826
733.7337337337337	2007.2925605605608
734.7347347347348	2010.0272952952957
735.7357357357358	2012.7620300300305
736.7367367367368	2015.4967647647652
737.7377377377378	2018.2314994995
738.7387387387388	2020.9662342342344
739.7397397397398	2023.7009689689692
740.7407407407408	2026.435703703704
741.7417417417419	2029.1704384384389
742.7427427427428	2031.9051731731736
743.7437437437438	2034.6399079079083
744.7447447447448	2037.374642642643
745.7457457457458	2040.1093773773778
746.7467467467468	2042.8441121121125
747.7477477477478	2045.578846846847
748.7487487487488	2048.3135815815817
749.7497497497499	2051.0483163163167
750.7507507507509	2053.7830510510516
751.7517517517518	2056.517785785786
752.7527527527528	2059.252520520521
753.7537537537538	2061.9872552552556
754.7547547547548	2064.72198998999
755.7557557557558	2067.456724724725
756.7567567567568	2070.1914594594596
757.7577577577579	2072.9261941941945
758.7587587587589	2075.6609289289295
759.7597597597598	2078.395663663664
760.7607607607608	2081.130398398399
761.7617617617618	2083.8651331331334
762.7627627627628	2086.599867867868
763.7637637637638	2089.334602602603
764.7647647647648	2092.0693373373374
765.7657657657659	2094.8040720720724
766.7667667667669	2097.5388068068073
767.7677677677679	2100.273541541542
768.7687687687688	2103.008276276277
769.7697697697698	2105.7430110110113
770.7707707707708	2108.4777457457462
771.7717717717718	2111.2124804804807
772.7727727727729	2113.9472152152157
773.7737737737739	2116.68194994995
774.7747747747749	2119.416684684685
775.7757757757759	2122.1514194194197
776.7767767767768	2124.8861541541546
777.7777777777778	2127.620888888889
778.7787787787788	2130.355623623624
779.7797797797798	2133.0903583583586
780.7807807807809	2135.8250930930935
781.7817817817819	2138.5598278278285
782.7827827827829	2141.294562562563
783.7837837837839	2144.0292972972975
784.7847847847848	2146.7640320320324
785.7857857857858	2149.498766766767
786.7867867867868	2152.233501501502
787.7877877877878	2154.9682362362364
788.7887887887889	2157.7029709709714
789.7897897897899	2160.4377057057063
790.7907907907909	2163.172440440441
791.7917917917919	2165.9071751751753
792.7927927927929	2168.6419099099103
793.7937937937938	2171.376644644645
794.7947947947948	2174.1113793793797
795.7957957957958	2176.8461141141142
796.7967967967969	2179.580848848849
797.7977977977979	2182.315583583584
798.7987987987989	2185.0503183183187
799.7997997997999	2187.7850530530536
800.8008008008009	2190.519787787788
801.8018018018018	2193.2545225225226
802.8028028028028	2195.9892572572576
803.8038038038039	2198.7239919919925
804.8048048048049	2201.458726726727
805.8058058058059	2204.193461461462
806.8068068068069	2206.9281961961965
807.8078078078079	2209.6629309309315
808.8088088088089	2212.397665665666
809.8098098098098	2215.1324004004005
810.8108108108108	2217.8671351351354
811.8118118118119	2220.6018698698704
812.8128128128129	2223.336604604605
813.8138138138139	2226.07133933934
814.8148148148149	2228.8060740740743
815.8158158158159	2231.5408088088093
816.8168168168169	2234.275543543544
817.8178178178179	2237.0102782782787
818.8188188188188	2239.7450130130132
819.8198198198199	2242.479747747748
820.8208208208209	2245.214482482483
821.8218218218219	2247.9492172172177
822.8228228228229	2250.683951951952
823.8238238238239	2253.418686686687
824.8248248248249	2256.1534214214216
825.8258258258259	2258.8881561561566
826.8268268268268	2261.622890890891
827.827827827828	2264.357625625626
828.8288288288289	2267.092360360361
829.8298298298299	2269.8270950950955
830.8308308308309	2272.56182982983
831.8318318318319	2275.296564564565
832.8328328328329	2278.0312992992995
833.8338338338339	2280.7660340340344
834.834834834835	2283.5007687687694
835.835835835836	2286.235503503504
836.8368368368369	2288.970238238239
837.8378378378379	2291.7049729729733
838.8388388388389	2294.4397077077083
839.8398398398399	2297.174442442443
840.8408408408409	2299.9091771771773
841.8418418418419	2302.6439119119123
842.842842842843	2305.378646646647
843.843843843844	2308.1133813813817
844.8448448448449	2310.8481161161167
845.8458458458459	2313.582850850851
846.8468468468469	2316.317585585586
847.8478478478479	2319.0523203203206
848.8488488488489	2321.787055055055
849.8498498498499	2324.52178978979
850.850850850851	2327.256524524525
851.851851851852	2329.9912592592596
852.852852852853	2332.7259939939945
853.8538538538539	2335.460728728729
854.8548548548549	2338.195463463464
855.8558558558559	2340.9301981981985
856.8568568568569	2343.6649329329334
857.8578578578579	2346.399667667668
858.858858858859	2349.134402402403
859.85985985986	2351.8691371371374
860.860860860861	2354.6038718718723
861.8618618618619	2357.338606606607
862.8628628628629	2360.073341341342
863.8638638638639	2362.8080760760763
864.8648648648649	2365.5428108108113
865.865865865866	2368.277545545546
866.866866866867	2371.0122802802807
867.867867867868	2373.7470150150157
868.868868868869	2376.48174974975
869.86986986987	2379.2164844844847
870.8708708708709	2381.9512192192196
871.8718718718719	2384.685953953954
872.8728728728729	2387.420688688689
873.873873873874	2390.155423423424
874.874874874875	2392.8901581581586
875.875875875876	2395.6248928928935
876.876876876877	2398.359627627628
877.877877877878	2401.0943623623625
878.8788788788789	2403.8290970970975
879.8798798798799	2406.563831831832
880.8808808808809	2409.298566566567
881.881881881882	2412.033301301302
882.882882882883	2414.7680360360364
883.883883883884	2417.5027707707713
884.884884884885	2420.237505505506
885.885885885886	2422.972240240241
886.8868868868869	2425.7069749749753
887.8878878878879	2428.44170970971
888.8888888888889	2431.1764444444448
889.88988988989	2433.9111791791797
890.890890890891	2436.6459139139142
891.891891891892	2439.380648648649
892.892892892893	2442.1153833833837
893.893893893894	2444.8501181181186
894.894894894895	2447.584852852853
895.8958958958959	2450.3195875875876
896.896896896897	2453.054322322323
897.897897897898	2455.7890570570576
898.898898898899	2458.523791791792
899.8998998999	2461.258526526527
900.900900900901	2463.9932612612615
901.901901901902	2466.7279959959965
902.902902902903	2469.462730730731
903.9039039039039	2472.197465465466
904.904904904905	2474.932200200201
905.905905905906	2477.6669349349354
906.906906906907	2480.4016696696704
907.907907907908	2483.136404404405
908.908908908909	2485.8711391391394
909.90990990991	2488.6058738738743
910.910910910911	2491.340608608609
911.911911911912	2494.075343343344
912.912912912913	2496.8100780780787
913.913913913914	2499.5448128128132
914.914914914915	2502.279547547548
915.915915915916	2505.0142822822827
916.916916916917	2507.749017017017
917.917917917918	2510.483751751752
918.918918918919	2513.2184864864867
919.91991991992	2515.9532212212216
920.920920920921	2518.6879559559566
921.921921921922	2521.422690690691
922.922922922923	2524.157425425426
923.923923923924	2526.8921601601605
924.924924924925	2529.6268948948955
925.925925925926	2532.36162962963
926.926926926927	2535.0963643643645
927.927927927928	2537.8310990990994
928.928928928929	2540.5658338338344
929.92992992993	2543.300568568569
930.930930930931	2546.035303303304
931.931931931932	2548.7700380380384
932.932932932933	2551.5047727727733
933.933933933934	2554.239507507508
934.934934934935	2556.9742422422423
935.9359359359361	2559.7089769769777
936.9369369369371	2562.4437117117122
937.937937937938	2565.1784464464467
938.938938938939	2567.9131811811817
939.93993993994	2570.647915915916
940.940940940941	2573.382650650651
941.941941941942	2576.1173853853857
942.942942942943	2578.8521201201206
943.9439439439441	2581.5868548548556
944.9449449449451	2584.32158958959
945.945945945946	2587.0563243243246
946.946946946947	2589.7910590590595
947.947947947948	2592.525793793794
948.948948948949	2595.260528528529
949.94994994995	2597.9952632632635
950.950950950951	2600.7299979979985
951.9519519519521	2603.4647327327334
952.9529529529531	2606.199467467468
953.953953953954	2608.934202202203
954.954954954955	2611.6689369369374
955.955955955956	2614.403671671672
956.956956956957	2617.138406406407
957.957957957958	2619.8731411411413
958.958958958959	2622.6078758758763
959.9599599599601	2625.3426106106112
960.9609609609611	2628.0773453453457
961.9619619619621	2630.8120800800807
962.962962962963	2633.546814814815
963.963963963964	2636.28154954955
964.964964964965	2639.0162842842847
965.965965965966	2641.751019019019
966.9669669669671	2644.485753753754
967.9679679679681	2647.220488488489
968.9689689689691	2649.9552232232236
969.9699699699701	2652.6899579579585
970.970970970971	2655.424692692693
971.971971971972	2658.159427427428
972.972972972973	2660.8941621621625
973.973973973974	2663.628896896897
974.9749749749751	2666.3636316316324
975.9759759759761	2669.098366366367
976.9769769769771	2671.8331011011014
977.9779779779781	2674.5678358358364
978.9789789789791	2677.302570570571
979.97997997998	2680.037305305306
980.980980980981	2682.7720400400403
981.981981981982	2685.5067747747753
982.9829829829831	2688.2415095095103
983.9839839839841	2690.9762442442448
984.9849849849851	2693.7109789789793
985.9859859859861	2696.445713713714
986.9869869869871	2699.1804484484487
987.987987987988	2701.9151831831837
988.988988988989	2704.649917917918
989.98998998999	2707.384652652653
990.9909909909911	2710.119387387388
991.9919919919921	2712.8541221221226
992.9929929929931	2715.5888568568575
993.9939939939941	2718.323591591592
994.9949949949951	2721.0583263263266
995.995995995996	2723.7930610610615
996.996996996997	2726.527795795796
997.9979979979981	2729.262530530531
998.9989989989991	2731.997265265266
1000.0	2734.7320000000004
